0 0.836142420751087 0.6122298025541415 0.1434783746817267 0.1125920013526354
0 0.6778037567631774 0.703146798575777 0.11246473201781733 0.1325408746817267
0 0.41438669410404066 0.7616881939449571 0.14422490404199806 0.31101132001909004
0 0.5525106660566337 0.4108149425923216 0.08848179201145392 0.085393154678545
0 0.41808166939845154 0.4748876279440026 0.0929329346753633 0.06513519867918127
0 0.2817623613939972 0.4436569039624563 0.09636701734563573 0.09173406134627218
0 0.22186229209099578 0.6678216573042741 0.09674882535009015 0.124546561346272
0 0.6320747281189945 0.869326329248913 0.09026246801399936 0.10416133601209018
0 0.34009193471513416 0.3531222632877294 0.053724984006999675 0.05218066534054513
0 0.37821809603754375 0.27219897994909326 0.06609771467218159 0.04138861600890866
0 0.28014422270845263 0.3045944039624563 0.03504770934118149 0.05821248933799979