0 0.1625606499765589 0.41607678774240986 0.15069995764913058 0.12293075973923262
0 0.3111658007386847 0.31321266071216736 0.119559041958086 0.14113528896022576
0 0.567715261707465 0.23488665786949822 0.16279193325224206 0.321559174511885
0 0.4651367250139362 0.5955593307598255 0.09271474082661797 0.09223413879807012
0 0.592035047419035 0.5212196241842781 0.09571247579950323 0.0704136858759707
0 0.7304253817279903 0.5423833323813833 0.10212610226293642 0.09864778003177221
0 0.7681561441228264 0.31415892085514174 0.10387949980360833 0.13148755357072242
0 0.34064824677854616 0.14421324472169894 0.0959488251355733 0.11103868587597074
0 0.681761143631847 0.6368367159044476 0.056568162567786476 0.05566934740221221
0 0.6517832730221464 0.7206798818949159 0.06901362041330898 0.04651253571381488
0 0.7460736285065366 0.6809236810014114 0.03940793364502539 0.06005683847375849