0 0.3280148173138191 0.14950471671852175 0.31359197469763495 0.23355243425111766
0 0.6190648892823205 0.3866633920411856 0.16159312269254436 0.19340690097293473
0 0.7778206292568672 0.5769725665530707 0.1706044960216353 0.16232054220663664
0 0.24142804857577688 0.6738813794625792 0.20467041335136288 0.13635806006354426
0 0.12027230593573021 0.47563301988550233 0.16537155601527204 0.11536372158978558
0 0.5378212432368226 0.7204696018631438 0.18288632001909005 0.14378873051823932
0 0.8590326245624139 0.7831192008869138 0.21073860001590852 0.12084215421934559
0 0.7697188699475024 0.40023278854989347 0.06667951734563574 0.0917704886359143
0 0.5494780005967759 0.5245394930968459 0.07583634134309047 0.0731841298696164
0 0.40054850990614066 0.6985382804355138 0.08528406667727215 0.07959777110331849
0 0.31748092389405036 0.7861689196406211 0.18998974801081764 0.08298759821299129