0 0.5145275518778238 0.9030543606507516 0.18801017202418074 0.1792067527304745
0 0.8152751759230036 0.571969028875879 0.3587226613621805 0.2145726018701529
0 0.1763950366009121 0.4854340268327754 0.2110658640197264 0.14653060811666876
0 0.518549457988546 0.08739754439397289 0.3610658640197263 0.1474032825883121
0 0.1590926419875915 0.09233801180566081 0.0741283906747269 0.05980224687674203
0 0.255458564648319 0.1366516140685971 0.09147952267663584 0.07396474082661783
0 0.18228885856941357 0.7175152738077133 0.08884541868236288 0.11613406010845857
0 0.4702433919080497 0.6801253998783631 0.19226132001909005 0.14173402380771344
0 0.05438039254459652 0.899595999901804 0.0781079133513628 0.13325792759490157
0 0.7529264332034151 0.9590993066906129 0.10724997334499946 0.08180138661877408
0 0.7890234006206385 0.343675857232906 0.40245448002863515 0.2132646319243822