0 0.55234375 0.8840190565176732 0.175 0.16969817021222228
0 0.8265625 0.5252927942654854 0.346875 0.19713610524208355
0 0.18203125 0.5027944256274651 0.2 0.13590505167111128
0 0.490625 0.07295557636930514 0.353125 0.12853157560680586
0 0.1328125 0.11331500474965266 0.0703125 0.056324041603125076
0 0.23203125 0.1477244127096873 0.0875 0.06922408510611118
0 0.20703125 0.7319000441685762 0.0796875 0.11279224715020852
0 0.490625 0.6674868263693051 0.18125 0.13234364057694456
0 0.09375 0.9267241945291665 0.0671875 0.13125130642076394
0 0.79609375 0.9197519622935062 0.1 0.08357752583555537
0 0.78125 0.3005662044097216 0.3890625 0.19343053020395864