0 0.4671875 0.89453125 0.465625 0.2109375
0 0.50859375 0.60703125 0.3125 0.2140625
0 0.1109375 0.5921875 0.18671875 0.1171875
0 0.6296875 0.37109375 0.19765625 0.090625
0 0.109375 0.41484375 0.21875 0.1515625
0 0.34296875 0.29609375 0.171875 0.07890625
0 0.778125 0.2859375 0.10078125 0.0671875
0 0.534375 0.25234375 0.16171875 0.0671875
0 0.153125 0.24609375 0.14609375 0.059375
0 0.3625 0.17578125 0.140625 0.05703125
0 0.70078125 0.190625 0.14296875 0.06796875
0 0.54140625 0.07578125 0.21640625 0.1203125
0 0.93515625 0.13203125 0.1296875 0.25546875