0 0.4581204879853643 0.11315781206236078 0.47125902402927144 0.22107940006363344
0 0.5024586446133206 0.3988685927354968 0.31817038669636233 0.22242262937617988
0 0.1045478559436844 0.41611644334818115 0.19046246268299924 0.12251244135899882
0 0.6247405352482767 0.6339168494191324 0.19952838001272682 0.09605902936027153
0 0.10794212529838798 0.5934783746817265 0.21588425059677596 0.15726924936345305
0 0.338657037237459 0.7102862560470887 0.1743829293443632 0.08326812802354447
0 0.7737769245703682 0.7184747574394951 0.10236247867599957 0.06993178668045381
0 0.5303718225652775 0.7531475600731785 0.1633181600095451 0.07220335868872621
0 0.1489672812301411 0.76199256468809 0.14760225334181776 0.06420904535327185
0 0.3583508245544597 0.8308442040499522 0.14287839067472685 0.06102950135263541
0 0.6968775225573232 0.8136867127625409 0.14456816000954512 0.07198518268618095
0 0.537692331874642 0.929819148074451 0.22018632535009014 0.12598288669636232
0 0.9267099258832326 0.8707066827259518 0.12956242003499838 0.2585866345480965