0 0.39765625 0.671875 0.1515625 0.11171875
0 0.7140625 0.86015625 0.190625 0.22109375
0 0.6765625 0.66484375 0.20078125 0.0984375
0 0.496875 0.565625 0.09140625 0.078125
0 0.62265625 0.5359375 0.0578125 0.04921875
0 0.3703125 0.44296875 0.05703125 0.06015625
0 0.05546875 0.46015625 0.11015625 0.06328125
0 0.53125 0.309375 0.0625 0.04375
0 0.6359375 0.38125 0.0984375 0.065625
0 0.66875 0.31328125 0.10078125 0.04609375
0 0.58671875 0.24921875 0.075 0.046875
0 0.40703125 0.27890625 0.0421875 0.0265625
0 0.75859375 0.50625 0.09375 0.18203125