0 0.3968168387571322 0.66640625 0.15919428134945388 0.11875
0 0.7046673434515854 0.87109375 0.20425333736472595 0.23125
0 0.6758139954248594 0.67421875 0.20752269334818116 0.109375
0 0.500331642743451 0.565625 0.09627611067790856 0.0828125
0 0.6266214227402693 0.5421875 0.061537484006999675 0.0515625
0 0.3785100920591791 0.4359375 0.060102253341817756 0.0625
0 0.06289418272595182 0.43671875 0.11486247867599957 0.06875
0 0.5450243353755435 0.3109375 0.06460794000636341 0.046875
0 0.6467055613860431 0.38828125 0.10238066000954511 0.0703125
0 0.6818794453771344 0.32265625 0.10372498400699967 0.0515625
0 0.6029544667011347 0.25390625 0.07870680267345413 0.05
0 0.4219408240372256 0.27421875 0.04407726400381797 0.028125
0 0.7638577934038604 0.51953125 0.10528857869190791 0.1859375