0 0.8680564029260417 0.1488438652657103 0.19527874525034727 0.13616714529089177
0 0.6135487812507984 0.24621729180619017 0.261012848023889 0.14200013392680608
0 0.5238355838718401 0.08030728855648403 0.3023288322563196 0.16061457711296806
0 0.12855487899034695 0.31481470211132045 0.1191149823325695 0.08485801542127547
0 0.4365479105254858 0.3687895413991531 0.12561955547083342 0.0959046095770768
0 0.23641866432520792 0.4784896440763712 0.1492388934267362 0.10412621266133186
0 0.6791692087781246 0.4801325957839497 0.14538654160312509 0.07282166558343128
0 0.2858608455553471 0.19961462175523675 0.127545731382639 0.11155688311602718
0 0.08885921219659706 0.17493972443245479 0.15745143692972233 0.12145008035608366
0 0.38183830746760367 0.5720060446455639 0.10141833605604181 0.06268300649282174
0 0.2689538349186799 0.7246964423720879 0.10599673328249999 0.0580773271096728
0 0.28381772834541613 0.622915754060485 0.07165810087368066 0.05903980925276535