0 0.10546875 0.809375 0.184375 0.11953125
0 0.3640625 0.734375 0.25078125 0.1203125
0 0.4453125 0.915625 0.28828125 0.153125
0 0.85078125 0.7078125 0.1125 0.07578125
0 0.54609375 0.62734375 0.11796875 0.08515625
0 0.75078125 0.534375 0.140625 0.09140625
0 0.309375 0.49453125 0.140625 0.06015625
0 0.68828125 0.809375 0.11796875 0.1015625
0 0.88359375 0.85078125 0.14765625 0.10859375
0 0.61015625 0.42890625 0.09609375 0.05390625
0 0.7296875 0.2859375 0.1015625 0.05
0 0.71015625 0.3859375 0.0671875 0.05390625