0 0.8992400560032419 0.8354032010414849 0.18506586729005078 0.12411476458147633
0 0.6402099687674203 0.7528788913954312 0.25069995764913067 0.12758675705962902
0 0.5600144504206559 0.9255097800208827 0.2883908551898024 0.1489804399582347
0 0.15333668266306683 0.7121543221824661 0.11293633723582164 0.07827341567683313
0 0.4575560291704665 0.6405510729738888 0.11924087939029934 0.08783027210332381
0 0.2523276528052293 0.5416265250063177 0.1411522408266178 0.09471676959604132
0 0.6935020986486989 0.514626385127225 0.1409704336450254 0.06346676959604132
0 0.316427556003242 0.818445089271225 0.11934087334017515 0.10501777210332364
0 0.12135595051885184 0.8541683259433898 0.14751132513557325 0.11364862602253219
0 0.3923390535673551 0.440249544602359 0.09718407220870703 0.05594377461060631
0 0.27197603571157003 0.2938027904457238 0.10185339149054773 0.052955166930474286
0 0.2920890686926656 0.3943710917785074 0.06749657220870695 0.05507995658477531