0 0.215625 0.5640625 0.11796875 0.17734375
0 0.08359375 0.5296875 0.1046875 0.15703125
0 0.35703125 0.47265625 0.09375 0.16875
0 0.66015625 0.4015625 0.12421875 0.221875
0 0.85859375 0.315625 0.1015625 0.1796875
0 0.5109375 0.85078125 0.2578125 0.17109375
0 0.91953125 0.5734375 0.125 0.23515625
0 0.48125 0.39921875 0.11015625 0.1640625
0 0.50234375 0.5734375 0.08515625 0.11484375
0 0.7703125 0.66015625 0.1171875 0.17734375
0 0.10859375 0.846875 0.08671875 0.090625
0 0.1625 0.71796875 0.06328125 0.11484375
0 0.3609375 0.71328125 0.065625 0.078125
0 0.33515625 0.62109375 0.05 0.07265625