0 0.22540078936396765 0.42958590868357244 0.12660123051823946 0.1834046095770768
0 0.09310648660402411 0.45695515787279356 0.11218417451188503 0.16284664772652385
0 0.36537299877888874 0.5288746168806775 0.10300008928453738 0.17362050649282174
0 0.6667912228043064 0.6153611363591428 0.1352046631477993 0.22885347727182861
0 0.8637264983718517 0.7117390787279353 0.11100350405718977 0.18469437418757337
0 0.5260557597392326 0.1591366355483639 0.2671989569792892 0.18429672808260747
0 0.929579774753471 0.4574976379807006 0.136985351459402 0.2413807508107789
0 0.48859803895693055 0.6083457029188041 0.11854326866768634 0.16920574188232518
0 0.5121331761334428 0.43537185308095977 0.09110801542127547 0.11874209172016936
0 0.781876885955401 0.3627600620888438 0.1266012305182395 0.18340460957707688
0 0.12353473173605542 0.14195744926865134 0.0906989123370204 0.09530459172016936
0 0.17503082223840882 0.27328531574558707 0.06923301542127551 0.11836026217486459
0 0.3736728737805364 0.2884678051922802 0.07014095048646726 0.08088753571381488
0 0.3463621258091313 0.3793694947216989 0.05443412986961631 0.07592730032431154