0 0.21328125 0.4473345840143678 0.1234375 0.1819681383672897
0 0.0828125 0.4856380390312197 0.109375 0.1615738251355733
0 0.3578125 0.5341129422292324 0.1 0.17245678298109546
0 0.66328125 0.5968276074292977 0.13125 0.22732609016268784
0 0.86484375 0.6769065137505684 0.1078125 0.18343973477649378
0 0.4984375 0.15211857454639804 0.2640625 0.18122377068445536
0 0.91640625 0.41705024560019577 0.1328125 0.23983518052176755
0 0.48515625 0.6043850564942213 0.115625 0.16786018657189175
0 0.5 0.42947141490547763 0.0890625 0.11770565046753827
0 0.76484375 0.33491848076947284 0.1234375 0.1819681383672898
0 0.096875 0.1677511022629363 0.0890625 0.09426815046753823
0 0.15546875 0.294654490728422 0.0671875 0.11757838544042354
0 0.35390625 0.29346521633153344 0.06875 0.08008747579950323
0 0.33125 0.38630215612487895 0.053125 0.07530907220870695