0 0.2870804235878805 0.7303029286282745 0.19000789734428025 0.16469994135899882
0 0.42554400165031997 0.8943279712762754 0.10999314441741408 0.10752269334818117
0 0.04521511045435983 0.6542056946610457 0.08350336729005095 0.11971361067790856
0 0.13436799316430886 0.5344102679821827 0.11609769867214012 0.08259541868236298
0 0.27068274306611306 0.5976722419637289 0.11608860831306042 0.08103291868236298
0 0.6383747579950318 0.6801183785805494 0.06746930113146803 0.049219297342454026
0 0.612284956667172 0.7616774612508219 0.05497839149054791 0.05063634667409058
0 0.49537471261910027 0.8106973112667303 0.05656816256778665 0.05534202800763595
0 0.5610628242518104 0.6864871045910489 0.05964771077238851 0.04756589067472703
0 0.8085383088319122 0.9211235445576413 0.06919542759490147 0.07736247867599957
0 0.49776287265280406 0.5497143579328667 0.27879768657189175 0.11886127737108917