0 0.30439103977100473 0.2428333915284452 0.18712962743398434 0.16317726458147636
0 0.45011482264544594 0.08304555139929051 0.10805005357072237 0.10621655925034232
0 0.05311095779006799 0.3111133447480082 0.09264324188232516 0.11826191818411544
0 0.14202522767557038 0.4343713368304494 0.11383640340856668 0.07983591567683308
0 0.28169565381230843 0.3755920672344081 0.1138091298696163 0.07827341567683303
0 0.65249334902377 0.30305285985821 0.06641593262955983 0.0472219924781526
0 0.6307489882288773 0.22161264324430485 0.053970479707460585 0.04998327962517115
0 0.515704640826665 0.1686815230277606 0.05561480032431163 0.054716243731793845
0 0.5757535710205929 0.2951243510827214 0.058603432629560005 0.04699467194503928
0 0.8336267520285949 0.0671966132234223 0.0669341298696164 0.0769094924781526
0 0.5061968218313717 0.4300281999873647 0.2768546006486231 0.11425168276559194