0 0.5165990864372914 0.3578831393492484 0.21813567021222227 0.1762453791939076
0 0.7814603670224997 0.3891502783057134 0.21170383225631947 0.16839651775758915
0 0.7819909631465276 0.1985480042034125 0.191282229482778 0.16359084308955413
0 0.7956462343293398 0.585134943996758 0.18851959897381967 0.1120192527304745
0 0.5566934903132634 0.5482490641154794 0.15843336189159735 0.1618374455488821
0 0.3335631552071522 0.6370353499252452 0.20283667211208342 0.1230385659621911
0 0.5347243052834022 0.7202286032448949 0.1473854526972918 0.08990790339440444
0 0.1433174020730202 0.7560949430147994 0.16348453780340294 0.17748971662612104
0 0.7079254159407287 0.7293758233870574 0.08622974715020852 0.08017837939029934
0 0.30200076463020764 0.8184444312091385 0.15410953780340292 0.17743517447164336
0 0.4656443841212493 0.8690478983262387 0.14266158510611113 0.08831813231716552
0 0.9366336038203814 0.6358702213205129 0.08702983415618064 0.11455337939029935
0 0.2876895703853815 0.5271609010567134 0.12496493882958334 0.06634313836728971
0 0.36346232865041583 0.9633796813073344 0.12463763050895835 0.05228063836728971
0 0.7199682082094437 0.8831911697962612 0.17772626291777768 0.051027210575996663
0 0.09631255570991284 0.9142165152235064 0.1926251114198257 0.12309310811666876