0 0.7448364552627429 0.17084299002892298 0.17485714247680573 0.13212543502986124
0 0.499520689210833 0.344430532866319 0.18801175911805573 0.16054137575930572
0 0.7580598878240622 0.3407554465259369 0.18415940729444458 0.12921864057694457
0 0.8148508292190968 0.5510376766743048 0.1534899823325695 0.08634015634451409
0 0.5466112819163884 0.4682667699485412 0.12347517401194459 0.07158667211208343
0 0.5742258292190968 0.5566382857161106 0.11108427678548623 0.075983231382639
0 0.37627733206888836 0.6408899184092706 0.13030705547083343 0.09673214247680555
0 0.29192247549562456 0.5413458197197913 0.08888196846486114 0.06141158510611113
0 0.5637396580569438 0.7052394398764232 0.15323540919430556 0.07540265634451408
0 0.7345970187142703 0.7114134386421521 0.10450696846486114 0.06177526101791671
0 0.4626661609067354 0.7872362819163884 0.11075696846486113 0.061920731382639004
0 0.1754213872553813 0.7494148524892011 0.21482752583555564 0.10494599240055572
0 0.22392835638583258 0.9130402881846524 0.3735855832062501 0.14924411910979174
0 0.9462274625778468 0.5760896152195478 0.07416615824437507 0.10011040919430556
0 0.9059797498125688 0.7956578860211103 0.07907055737069442 0.04244337955902786
0 0.5761831470390271 0.808018947760208 0.06028418977951393 0.04044446846486105
0 0.7534171410551035 0.8421542923656243 0.15450696846486114 0.0629390239356944