0 0.259454640826665 0.1761376365138803 0.17572847727182853 0.13629651583511757
0 0.5007496168806775 0.3418606102539214 0.190309174511885 0.16639319279472176
0 0.24211495657225202 0.3470411698999752 0.18663870373287822 0.13505226458147632
0 0.1801718843305479 0.5598881623781278 0.1546250446422687 0.09039298244902269
0 0.45057411322722957 0.4676024078257813 0.12469208279171565 0.07546666442319179
0 0.4208650681779238 0.5567929399582349 0.11224662986961635 0.07822795157021041
0 0.6176230657422919 0.6339224266303998 0.1313511858759707 0.09908602084968247
0 0.7041588092494699 0.5313537046062182 0.08856366801906326 0.06348348997087001
0 0.42814355437820606 0.7050940476383668 0.15440685633066592 0.0778929824490227
0 0.2571725353034826 0.7171036173135503 0.10577844155801355 0.06554609514371953
0 0.5272180284036236 0.7835025409744493 0.11200116801906326 0.0641654515702104
0 0.8155986899298654 0.7360291812492532 0.21586255357072243 0.10935358260730724
0 0.7637749115196509 0.9016829249810471 0.37600121266133185 0.1577409214828208
0 0.04859064772322851 0.5895111293877443 0.07518300649282175 0.10213681301126591
0 0.08365894317627612 0.8073518472552907 0.07883411201270882 0.042898205331134066
0 0.41353735794892843 0.808696420757905 0.06008411201270891 0.04235263605166191
0 0.23524476257531113 0.8490583109662019 0.15577844155801363 0.06700094655564541