0 0.48203125 0.63984375 0.20546875 0.1640625
0 0.215625 0.62109375 0.2 0.15703125
0 0.22890625 0.81171875 0.18046875 0.15390625
0 0.18671875 0.4265625 0.18046875 0.10234375
0 0.428125 0.45234375 0.14609375 0.15390625
0 0.64375 0.353125 0.19453125 0.1125
0 0.43671875 0.2796875 0.140625 0.08125
0 0.825 0.22578125 0.15078125 0.16953125
0 0.26328125 0.278125 0.08046875 0.075
0 0.66171875 0.17109375 0.140625 0.16875
0 0.49453125 0.128125 0.1359375 0.08125
0 0.04140625 0.3828125 0.078125 0.109375
0 0.6984375 0.4609375 0.1203125 0.06015625
0 0.58984375 0.02890625 0.121875 0.04453125
0 0.2390625 0.12578125 0.17421875 0.04140625
0 0.86953125 0.06484375 0.203125 0.11171875