0 0.49115328258831215 0.3707580560395143 0.21508062021691718 0.17998235999173637
0 0.22477430366555096 0.36924488174322934 0.2087851684215191 0.17202438962701408
0 0.24632607503737738 0.17992846181534744 0.18844539734428026 0.16686411094166687
0 0.18683446301188372 0.5613044419637154 0.18658291549465286 0.1152652433504862
0 0.42894469495970694 0.5536601685967018 0.15562380698520067 0.16453789152687506
0 0.63974181527482 0.6687078596104866 0.20070904800821018 0.12653005167111128
0 0.4291679296380047 0.7262982348011116 0.14583065046753826 0.09244468597979179
0 0.8147559716942865 0.8094815960271188 0.16040221057599674 0.18027199430041668
0 0.25647077302214644 0.71524836597566 0.08483860831306052 0.08165134992375016
0 0.6493991372871353 0.8517203813619798 0.15102721057599683 0.18005378875333342
0 0.48006787518688687 0.8821494977188893 0.14113406010845858 0.09077308320625015
0 0.04251229127071492 0.593877939779514 0.0787885962128121 0.11588087955902786
0 0.6992890112164856 0.5654205118709381 0.12381929508134384 0.06849803970326392
0 0.5705115888861416 0.9800739321800697 0.12373748184962743 0.03985213563986072
0 0.22453549267332953 0.8652658965608682 0.17685339149054774 0.05410953780340293
0 0.8508167124227086 0.9547128691097921 0.21000223477649352 0.0905742617804158