0 0.25078125 0.81171875 0.17109375 0.128125
0 0.4921875 0.64375 0.18515625 0.15703125
0 0.23359375 0.64140625 0.18203125 0.12578125
0 0.171875 0.4296875 0.1515625 0.0828125
0 0.4421875 0.51875 0.121875 0.06953125
0 0.4125 0.4296875 0.11015625 0.0734375
0 0.60859375 0.35 0.12734375 0.09296875
0 0.6953125 0.4515625 0.08671875 0.059375
0 0.41953125 0.28125 0.1515625 0.07109375
0 0.2484375 0.27109375 0.10390625 0.06015625
0 0.51875 0.2015625 0.109375 0.059375
0 0.80703125 0.24609375 0.21171875 0.09921875
0 0.7546875 0.08125 0.3703125 0.13984375
0 0.03984375 0.4015625 0.07109375 0.0984375
0 0.075 0.1828125 0.078125 0.03984375
0 0.4046875 0.178125 0.059375 0.0390625
0 0.2265625 0.13984375 0.15390625 0.06015625