0 0.33561166696759087 0.865682280712907 0.17762607201231528 0.1848669906906352
0 0.48965933841417203 0.7088703014003606 0.21805108411256366 0.15096470536281678
0 0.26056725693388694 0.6038538953691802 0.21339994554888211 0.15716016136218053
0 0.07704675068737105 0.4548334980108176 0.10669542759490128 0.07779883068109025
0 0.3202154885871226 0.42328569537713434 0.22100336729005096 0.1213135680299077
0 0.7246439133533535 0.4725259107654045 0.1963124394987581 0.17414766669318063
0 0.9546581453993728 0.5533326574633577 0.08497496369925486 0.10410679201145392
0 0.30849271428842995 0.2895464947087708 0.2866556383672899 0.12676468403881636
0 0.6061035124930318 0.300822538749178 0.18484769867214013 0.08339539735836254
0 0.4278911123200812 0.5823617980585427 0.09426815046753814 0.09015338001272663
0 0.16981551278761947 0.4902902873567717 0.054996572208707 0.0537613466740904
0 0.2838052899149825 0.5041175247055891 0.06431703005422928 0.0444954346753633
0 0.7029213659343185 0.9788271707113161 0.10185339149054791 0.04234565857736783