0 0.33272958931413726 0.1452970553787252 0.18185107869190792 0.18802835335772614
0 0.4863892966263655 0.3025748480664969 0.22051358935390813 0.15410788669636233
0 0.2578092159452753 0.40617946403563476 0.21746131468808994 0.1603215240292714
0 0.07403255792491255 0.5540613386775904 0.10872156667727224 0.07937951201463563
0 0.31664677192077634 0.587357286043907 0.22331132535009016 0.12601924936345305
0 0.721934255927776 0.5405037514321773 0.20047380935708983 0.17730902936027154
0 0.9518041166056846 0.4603548167965849 0.08715564934754454 0.10568747334499946
0 0.30571726790264087 0.7208419480426345 0.2889908693507265 0.1314703653723619
0 0.6027377185710044 0.711796401416269 0.1869192920114539 0.08653857869190791
0 0.4247603586091845 0.4284373667249973 0.09636701734563577 0.09173406134627218
0 0.16662913792968506 0.5199777873567717 0.05686816534054513 0.05377952800763595
0 0.2808643605983668 0.5064612747055891 0.06615225867281786 0.046076116008908666
0 0.7005085299968183 0.03159182809513199 0.1021079400063634 0.04805678668045391