0 0.36640625 0.871875 0.16484375 0.171875
0 0.5078125 0.703125 0.2078125 0.13359375
0 0.271875 0.6171875 0.20390625 0.140625
0 0.07734375 0.48359375 0.1015625 0.06953125
0 0.3171875 0.43203125 0.2140625 0.1046875
0 0.72421875 0.4484375 0.18515625 0.159375
0 0.96015625 0.5109375 0.07734375 0.0984375
0 0.29609375 0.3 0.27890625 0.1046875
0 0.59296875 0.28671875 0.18046875 0.06953125
0 0.43671875 0.58203125 0.08828125 0.08359375
0 0.17265625 0.5109375 0.0515625 0.04921875
0 0.2875 0.515625 0.06171875 0.03984375
0 0.74296875 0.96875 0.096875 0.0625