0 0.43939377722555883 0.08758122691732675 0.20389768052176752 0.1375402868534724
0 0.6719426568122501 0.13831249800322973 0.11775110226293642 0.09960256933854175
0 0.5969643409482548 0.40144697121774353 0.08000566256778666 0.05654224715020848
0 0.52771995814011 0.2162166796146185 0.1660704275949012 0.080417464665139
0 0.3364046117309061 0.19613664969500028 0.1614011083130605 0.08343336189159736
0 0.4215967022863774 0.32626186720993094 0.0973386083130606 0.08194229065319458
0 0.5196473411446465 0.5293524592498964 0.11279089149054773 0.05261846656499998
0 0.39955755494209716 0.48827090472899337 0.056495439695149766 0.04349673328249999
0 0.27264559699837904 0.411088196047778 0.14749314441741398 0.10966855357097245
0 0.2061126028521115 0.29702438962701405 0.08935339149054775 0.0520729526972918
0 0.7325427717646098 0.46632970165045207 0.08156816256778647 0.05657861474138883
0 0.3472905521134268 0.6081645242200351 0.07216589149054772 0.05167290919430556
0 0.4918581635497453 0.6052785264042365 0.1190954336450254 0.06213893692972228
0 0.1044920572797882 0.1586866286090973 0.2089841145595764 0.1829982572181946