0 0.4875781670657867 0.9315695416931806 0.20547836123992677 0.13686091661363875
0 0.26539461573792683 0.848457870703362 0.11932269262201593 0.0998192813494537
0 0.38090702801112586 0.6005663580521794 0.08001475292686626 0.05717724801081765
0 0.42041391384433285 0.793226572724361 0.1660886083130606 0.08161472135581711
0 0.606869043431024 0.8407117420830416 0.16141928903121966 0.08468517735518084
0 0.5428434257481896 0.6993322167409056 0.09734769867214013 0.08237724267981754
0 0.47767800976255737 0.48527826006522423 0.11279998184962743 0.052871556015271895
0 0.5898462116561513 0.5436185660804963 0.05805793969514959 0.04286020934118149
0 0.704149085290914 0.6379236440960865 0.1490738251355733 0.11110222668681721
0 0.7518820824622436 0.7595810154359952 0.08936248184962743 0.052598836012090366
0 0.25638881704234556 0.5162993513685439 0.08157725292686627 0.05719542934436319
0 0.6600274223303441 0.43270888542326863 0.07372839149054791 0.05085452267663584
0 0.51637287110068 0.4146299527370877 0.1191045240041051 0.06231928134945388
0 0.8400673628110606 0.9093234663828614 0.23231357201231537 0.1813530672342772