0 0.53046875 0.92578125 0.19453125 0.11953125
0 0.3015625 0.8640625 0.11171875 0.0890625
0 0.39296875 0.60546875 0.07578125 0.05
0 0.45078125 0.79375 0.1609375 0.065625
0 0.640625 0.82265625 0.15625 0.06953125
0 0.56328125 0.68828125 0.09140625 0.0734375
0 0.47890625 0.48125 0.109375 0.0421875
0 0.59609375 0.528125 0.05390625 0.03828125
0 0.71796875 0.6109375 0.140625 0.096875
0 0.77734375 0.72734375 0.0859375 0.04453125
0 0.26171875 0.534375 0.07734375 0.05
0 0.65546875 0.4109375 0.06953125 0.04453125
0 0.5109375 0.40703125 0.11484375 0.0515625
0 0.87890625 0.8703125 0.21796875 0.1640625