0 0.5979504353914519 0.4315747912707149 0.21101132001909004 0.14184310811666875
0 0.4472430054105419 0.5713134812604522 0.13875451201463562 0.10861245159900648
0 0.09077264003818006 0.2817590601084586 0.14843859468490822 0.13522949375348414
0 0.6579554281110404 0.8189482361908288 0.6276737507160887 0.36210352761834236
0 0.8609198660089087 0.36125424267332956 0.2781602679821827 0.4516271742752516
0 0.26611644334818113 0.11091581586399521 0.39604084802672607 0.19916577048806366
0 0.16135895472627 0.4399715359079618 0.2394454026893626 0.1685692345801019
0 0.3323703413828613 0.3667527254067197 0.09643974267981754 0.09742951190385671
0 0.3223884560789054 0.5830862525340829 0.0866829346753633 0.06456246974937904
0 0.6588981207431328 0.5670764749157404 0.1008181600095451 0.07089428298109546
0 0.20165997477717673 0.815180614166793 0.11695223734881743 0.11473518657189175
0 0.22944752542167776 0.6520720809893057 0.093169292011454 0.08491133118569749
0 0.6380203573758617 0.3169719357863248 0.08210452267663584 0.07391019867214013
0 0.5310607380251351 0.1882333365484506 0.05370680267345414 0.05030907220870699
0 0.6426794906906352 0.1802895472226433 0.08804544000636341 0.047384060108458616