0 0.596875 0.4328125 0.20234375 0.1296875
0 0.43671875 0.565625 0.13203125 0.10078125
0 0.09921875 0.26015625 0.140625 0.12734375
0 0.63125 0.825 0.60625 0.3328125
0 0.86953125 0.3765625 0.2609375 0.43671875
0 0.2859375 0.09765625 0.38515625 0.17734375
0 0.16015625 0.42109375 0.22890625 0.15546875
0 0.33515625 0.35625 0.090625 0.09296875
0 0.31171875 0.571875 0.08359375 0.059375
0 0.6484375 0.57109375 0.09609375 0.065625
0 0.17578125 0.79765625 0.11015625 0.10859375
0 0.2140625 0.6359375 0.08828125 0.08046875
0 0.64375 0.3203125 0.07734375 0.06953125
0 0.5453125 0.18671875 0.05 0.046875
0 0.65703125 0.184375 0.0859375 0.0421875