0 0.5896416785768599 0.5753247912707149 0.21019313231716552 0.14184310811666875
0 0.4381160608940255 0.43381348126045227 0.1381272347764936 0.10861245159900643
0 0.08331843482337584 0.7192590601084585 0.1476567708808471 0.13522949375348398
0 0.6473784731672245 0.18580374901804136 0.6255555536655508 0.3676895532727674
0 0.8564201124182771 0.6471917426733296 0.28230552341492976 0.4516271742752515
0 0.2596622453246179 0.8921658158639951 0.3948953852440318 0.19916577048806375
0 0.15298656109041725 0.5618465359079619 0.23847266842151912 0.16856923458010192
0 0.32442976903413545 0.6370652254067197 0.09587610226293623 0.09742951190385671
0 0.3131887837666624 0.4205862525340828 0.08631020472226432 0.064562469749379
0 0.6498029946372468 0.44051397491574046 0.10040906615858276 0.07089428298109546
0 0.1911057472695255 0.18705561416679298 0.11628859621281204 0.1147351865718917
0 0.21984330474570543 0.35050958098930574 0.09267837939029935 0.08491133118569749
0 0.630379787184508 0.6904094357863249 0.08167724687674198 0.07391019867214013
0 0.5241656277399793 0.8179208365484506 0.05341589149054773 0.05030907220870695
0 0.6358343807650415 0.8271645472226433 0.0877727107723885 0.04738406010845857