0 0.6820796843323965 0.3905496727231274 0.2256363251355733 0.11068401170746496
0 0.8268285820694601 0.4865792693287229 0.22562723477649352 0.10912151170746505
0 0.6061751936039745 0.5464547599589491 0.13961701190385672 0.096121541958086
0 0.296459826019336 0.4724779462362532 0.1459397347764936 0.10865790339440444
0 0.21011988856368152 0.1401835967037914 0.42023977712736305 0.26025780659241715
0 0.7290854527773567 0.6363616215916593 0.13184087334017516 0.10232609016268804
0 0.42320815749962104 0.5740808319712644 0.08943520472226432 0.0645806504675381
0 0.5938337540070208 0.6535541876520462 0.07692611436318479 0.06294542759490121
0 0.12472572658507008 0.44925913573501114 0.10055451190385671 0.09589428298109545
0 0.7637144619507389 0.7267820885123679 0.11293633723582168 0.07565450585373253
0 0.32096842574818957 0.6910779553114395 0.1363829275949012 0.07735336123992678