0 0.3245764492653561 0.5968617686709816 0.2252921006486231 0.11015011606989873
0 0.17909457954200947 0.5001521842544129 0.22526482710967274 0.10858761606989872
0 0.3992201189092724 0.4408242284929398 0.13910913879807002 0.09458757142762994
0 0.7092457297041653 0.5174689545502477 0.14560460064862327 0.10875916558343128
0 0.7935595669617553 0.8503848202164045 0.4128808660764893 0.25730930843869115
0 0.2757359801112024 0.35076406453106634 0.13299550649282174 0.10229097727182852
0 0.5824184025944925 0.41496333766627486 0.09015344155801372 0.06405459172016936
0 0.4106467682606493 0.33434240341186194 0.07606366801906325 0.0622466298696164
0 0.8808031298663209 0.5410450020351855 0.10007391233702023 0.09546823295387145
0 0.24054672808260746 0.2599441956184987 0.11378185633066593 0.07540119480442442
0 0.6843200474816425 0.29830589732607726 0.1372466298696164 0.07737279788867957