0 0.5873027420432708 0.32893666679795197 0.15757723734881743 0.11678985389503396
0 0.2839039273551808 0.16586037378053636 0.1774726613621805 0.21555463636243805
0 0.317308415380316 0.3515620945595431 0.1965306493475448 0.10809669236879245
0 0.6384401700747693 0.5618133965054126 0.06629770934118148 0.0589579886359143
0 0.9461638456993849 0.5398561704481046 0.10767230860123007 0.08469437418757338
0 0.4839173967615865 0.7075235426103785 0.0629727146721816 0.041715941558013545
0 0.39800662141945053 0.641193384737585 0.053761346674090583 0.05561480032431163
0 0.34246569342772293 0.7011490373353727 0.11315452800763595 0.05821369480442442
0 0.3820896253978152 0.4815729228870319 0.055396572008272305 0.06189207386326192
0 0.4963697540579064 0.43514002799988194 0.08530224801081765 0.08116027110331832
0 0.4392866967695408 0.7653263599808187 0.07401930267345413 0.05128185633066593
0 0.23808563407063313 0.5243626205341255 0.1287260786919079 0.18814665665497757
0 0.6130236414305864 0.7269611095737816 0.04896475867281787 0.046157979707460585